

--------------------------------------------------------- 2001 Год ----------------------------------------------------------------

1 месяц   0    0    0    0    0    0    0    0    0    0    0    140  0    0    0    0    0    0    0    0    0    0    0    0    0    0 

2 месяц   0    0    0    0    0    0    0    0    0    0    0    0    0    0    0    0    0    0    0    0    0    0    0    0    0    0 

3 месяц   0    0    0    0    0    0    0    0    0    0    0    0    0    0    0    0    0    0    0    0    0    0    0    0    0    0 

4 месяц   0    0    0    0    0    0    0    0    0    0    0    610  0    0    0    0    0    0    0    0    0    0    0    0    0    0 

5 месяц   0    0    0    0    0    0    0    0    0    0    0    50   0    0    0    0    0    0    0    0    0    0    0    0    0    0 

6 месяц   0    0    0    0    0    0    0    0    0    0    0    0    0    0    0    0    0    0    0    0    0    0    0    0    0    0 

7 месяц   0    0    0    0    0    60   0    0    0    23   0    0    302  0    0    0    0    0    500  81   0    0    0    0    89 

8 месяц   89   0    0    0    0    0    0    0    0    0    0    0    0    0    0    0    0    0    118  0    0    0    0    0    0    0 

9 месяц   0    0    0    0    0    0    0    0    0    0    0    200  0    0    0    0    0    0    0    0    0    0    0    0    0    0 

10 месяц  0    0    0    0    0    0    0    0    0    0    0    250  0    0    0    0    0    0    0    0    0    0    0    0    0    0 

11 месяц  0    0    0    0    0    0    0    0    0    0    0    1000 0    0    0    0    0    0    0    0    0    0    0    0    0    0 

12 месяц  0    0    0    0    0    0    0    0    0    0    0    6    0    0    0    0    0    0    0    0    0    0    0    0    0    0 

--------------------------------------------------------- 2002 Год ----------------------------------------------------------------

1 месяц   0    0    0    0    0    0    0    0    0    0    0    120  0    0    0    0    0    0    0    0    0    0    0    0    0    0 

2 месяц   0    0    0    0    0    0    0    0    0    0    0    0    0    0    0    0    0    0    0    0    0    0    0    0    0    0 

3 месяц   0    0    0    0    0    0    0    0    0    0    0    61   0    0    0    0    0    0    0    0    0    0    0    0    0    0 

4 месяц   0    0    0    0    0    0    0    0    0    0    0    830  0    0    0    0    0    0    0    0    0    0    0    0    0    0 

5 месяц   0    0    0    0    0    0    0    0    0    0    0    52   0    0    0    0    0    0    0    0    0    0    0    0    0    0 

6 месяц   0    0    0    0    0    0    0    0    0    0    0    0    0    0    0    0    0    0    0    0    0    0    0    0    0    0 

7 месяц   0    0    0    0    0    0    0    0    0    0    0    0    0    0    0    0    0    0    0    0    0    0    0    0    0    0 

8 месяц   0    0    0    0    0    0    0    0    0    0    0    0    0    0    0    0    0    0    0    0    0    0    0    0    0    0 

9 месяц   0    0    0    0    0    0    0    0    0    0    0    200  0    0    0    0    0    0    0    0    0    0    0    0    0    0 

10 месяц  0    0    0    0    0    0    0    0    0    0    0    256  0    0    0    0    0    0    0    0    0    0    0    0    0    0 

11 месяц  0    0    0    0    0    0    0    0    0    0    0    1023 0    0    0    0    0    0    0    0    0    0    0    0    0    0 

12 месяц  0    0    0    0    0    0    0    0    0    0    0    0    0    0    0    0    0    0    0    0    0    0    0    0    0    0 